p cnf 160 160
105 80 58 -96 -144 0
23 -33 -47 43 108 0
13 63 -47 102 1 0
-76 113 -122 50 16 0
7 52 124 -107 86 0
146 49 60 -43 5 0
-68 10 133 29 100 0
63 -133 -107 108 51 0
160 73 -126 22 -159 0
99 2 -70 -122 102 0
-158 -153 152 -87 145 0
23 101 92 -160 -19 0
58 156 55 -44 -105 0
-41 44 -52 140 -101 0
68 14 -109 99 44 0
91 -1 -119 69 -138 0
40 -148 -15 -45 122 0
-100 -108 93 -141 77 0
52 -84 -86 151 39 0
-87 -17 -55 -31 100 0
-12 42 24 5 96 0
-72 -104 32 69 124 0
71 43 21 150 91 0
-55 -153 10 139 122 0
-45 70 11 47 42 0
-125 -25 54 -17 74 0
-104 -141 -8 -17 132 0
93 -135 -136 66 -110 0
-112 120 -10 -82 96 0
90 -64 7 60 -2 0
76 -124 71 4 -68 0
-37 134 -122 92 39 0
-44 118 28 140 -142 0
-44 -122 128 64 3 0
-101 -1 21 -75 -96 0
-55 -150 159 -116 110 0
18 48 50 64 11 0
-57 106 -77 146 -18 0
101 -14 22 66 42 0
-107 -71 -100 -55 25 0
157 55 -148 98 32 0
-126 -115 -132 46 139 0
-19 -119 87 74 76 0
23 -82 -45 -31 41 0
-82 20 -37 -120 -96 0
-12 31 -36 -115 -80 0
-49 68 -107 131 -144 0
-67 136 -65 70 55 0
30 -70 -33 -21 42 0
-36 22 154 144 -138 0
4 45 -44 130 75 0
3 -72 55 36 108 0
-69 -119 -12 151 61 0
90 -55 25 -8 -108 0
-86 67 -105 148 43 0
120 81 24 41 57 0
135 -133 -43 55 100 0
8 -62 107 -48 -149 0
-137 -132 134 34 150 0
-11 27 155 -10 -130 0
-70 11 -7 66 109 0
110 -92 -61 -41 71 0
39 -10 -53 144 -119 0
49 -142 -87 -9 105 0
29 17 79 -148 -15 0
-109 127 -85 6 -9 0
-42 102 -150 -117 153 0
113 -96 133 -21 -66 0
-148 21 31 -54 104 0
112 69 -73 54 8 0
-20 -36 -71 -109 -116 0
130 146 111 145 48 0
-33 -4 41 50 -26 0
150 36 -108 85 7 0
-110 -106 149 -135 -14 0
121 -25 127 3 49 0
28 63 23 -11 131 0
159 55 -67 123 98 0
-12 -24 65 -107 11 0
25 157 78 -65 17 0
-160 62 -127 -137 -69 0
31 -27 94 -15 80 0
-43 -104 -6 157 -115 0
-2 -81 -23 -42 -96 0
70 -17 -28 -141 -137 0
81 -43 109 -34 26 0
-129 -114 -140 -156 -59 0
-142 -53 -4 -148 -98 0
-71 -24 33 74 -145 0
99 -5 -50 62 -29 0
17 99 -96 -84 -106 0
-142 128 -94 90 -36 0
119 -21 -75 115 124 0
-86 -19 82 -87 83 0
7 -21 -111 151 -117 0
-69 -83 -119 -7 -5 0
67 -42 142 89 -27 0
89 -121 -36 66 37 0
-25 -77 -49 -22 146 0
-148 13 101 -23 109 0
152 -159 131 -95 84 0
-40 -158 98 68 -24 0
133 134 42 -36 -95 0
96 42 112 38 142 0
35 134 -129 67 -47 0
-23 -117 57 -1 61 0
-66 135 -97 111 138 0
115 117 -48 -55 -148 0
126 86 37 -79 -104 0
-115 73 -100 -67 -33 0
23 -84 63 34 -44 0
-104 135 34 -95 -134 0
40 127 72 -50 155 0
94 23 34 -139 -77 0
-82 86 -131 52 -81 0
-153 144 -91 -1 -47 0
22 -18 82 -63 -106 0
-32 -13 126 38 -142 0
-64 101 -97 131 5 0
-160 119 -140 -5 -116 0
-122 -125 -32 -7 5 0
36 47 -99 -143 -144 0
-128 11 14 -62 114 0
-104 96 -68 39 -67 0
124 -40 -10 -55 -146 0
3 114 -39 -27 90 0
-88 -53 -158 -98 47 0
-49 97 55 74 98 0
38 -158 -107 -12 -141 0
113 15 -156 111 9 0
112 136 -41 145 -7 0
74 -46 -68 40 33 0
31 -89 -23 -120 128 0
-130 105 57 -102 104 0
61 30 92 139 51 0
-125 44 -31 142 97 0
56 -26 137 -152 107 0
60 -70 -5 51 89 0
90 150 -152 86 2 0
-60 83 -150 125 -73 0
-66 -105 -61 -79 -157 0
-33 123 95 1 -130 0
61 -72 111 119 -126 0
-116 -16 -61 49 152 0
-57 102 107 -8 44 0
30 15 43 -61 127 0
-96 23 6 -93 142 0
-86 107 47 63 121 0
63 158 130 138 52 0
-78 -12 -36 63 -51 0
-5 81 10 -20 -137 0
-106 -18 43 34 119 0
154 119 7 -56 102 0
149 116 -80 -113 76 0
-45 126 62 116 -55 0
-76 106 -38 69 -70 0
107 -83 100 -53 61 0
-31 62 -89 150 68 0
-74 35 -59 -44 -26 0
38 -131 113 -157 -95 0